0.037821
0.037308
0.037382
0.037263
0.037533
0.038101
0.037225
0.037578
0.037348
0.037459
0.037333
0.037349
0.037316
0.037431
0.037413
0.037339
0.037639
0.037950
0.037985
0.038838
0.037328
0.037217
0.037210
0.037171
0.037450
0.037365
0.037325
0.037314
0.038017
0.037755
0.037408
0.037260
0.037406
0.037406
0.037379
0.037897
0.037593
0.037962
0.037556
0.038035
0.037364
0.037359
0.037441
0.037193
0.037398
0.037589
0.038040
0.037983
0.037367
0.037468
0.037969
0.037534
0.037282
0.037912
0.037472
0.037200
0.037405
0.037332
0.037449
0.038016
0.037447
0.037358
0.037335
0.037393
0.037346
0.037413
0.037434
0.037304
0.037501
0.037376
0.037590
0.037268
0.037239
0.037410
0.037277
0.037508
0.037225
0.037328
0.037939
0.037351
0.037469
0.037706
0.037875
0.037360
0.037499
0.037266
0.038083
0.037476
0.037817
0.037348
0.037198
0.037402
0.037584
0.037902
0.040924
0.037366
0.037365
0.037470
0.037331
0.037301
