0.012599
0.008635
0.010586
0.007981
0.005643
0.008746
0.016119
0.011007
0.007115
0.010388
0.008591
0.008587
0.009576
0.011394
0.009470
0.008170
0.008576
0.006159
0.006426
0.009245
0.006510
0.008577
0.008795
0.007403
0.010587
0.005340
0.006911
0.008687
0.011346
0.006432
0.010189
0.005386
0.009338
0.009152
0.009237
0.010720
0.004712
0.008624
0.006353
0.010606
0.010626
0.011134
0.009789
0.007361
0.006017
0.007576
0.008557
0.006773
0.007670
0.006357
0.006802
0.009455
0.007023
0.008762
0.007205
0.006028
0.008397
0.011116
0.009135
0.009288
0.009309
0.008491
0.006949
0.010847
0.010560
0.005618
0.010645
0.010485
0.007296
0.005356
0.010585
0.009289
0.009304
0.010136
0.010774
0.007404
0.008551
0.009295
0.009935
0.005986
0.009387
0.010421
0.008042
0.008589
0.009355
0.010329
0.009275
0.008612
0.010702
0.007752
0.009388
0.008660
0.007776
0.006157
0.007502
0.006887
0.007454
0.005501
0.007557
0.009515
