0.009185
0.007932
0.008570
0.007917
0.008447
0.008595
0.007966
0.009132
0.006799
0.009759
0.008502
0.003551
0.008458
0.008843
0.007817
0.008325
0.009114
0.009280
0.009000
0.008964
0.009617
0.001185
0.007865
0.007882
0.007924
0.006882
0.007814
0.009280
0.009857
0.007760
0.008771
0.008787
0.009408
0.009057
0.008413
0.007875
0.009058
0.008795
0.007859
0.009235
0.007895
0.007951
0.008047
0.007804
0.009339
0.007814
0.008233
0.007966
0.009297
0.009208
0.007962
0.005594
0.009789
0.008126
0.009379
0.007941
0.008255
0.008125
0.009008
0.007981
0.007538
0.007891
0.009021
0.008523
0.007897
0.008661
0.008504
0.008813
0.007832
0.009378
0.009378
0.007918
0.008059
0.007891
0.007862
0.009115
0.007956
0.008814
0.009581
0.008834
0.008059
0.009402
0.008746
0.008226
0.008483
0.008726
0.009043
0.008988
0.009075
0.006810
0.008243
0.008393
0.008026
0.008368
0.008107
0.007902
0.008565
0.007901
0.008071
0.007840
