0.019288
0.019084
0.019329
0.019272
0.018822
0.018612
0.019197
0.018166
0.019204
0.018672
0.018658
0.018711
0.018764
0.018641
0.019063
0.018770
0.019150
0.018623
0.018632
0.018675
0.018643
0.018831
0.018690
0.018626
0.018700
0.018648
0.018708
0.019187
0.018670
0.018784
0.018671
0.018636
0.018723
0.019064
0.018740
0.018711
0.018598
0.018791
0.018720
0.019002
0.018762
0.019355
0.018707
0.018688
0.018620
0.018724
0.018640
0.019231
0.018685
0.018698
0.018599
0.018608
0.019177
0.018765
0.019331
0.018640
0.018716
0.018691
0.019151
0.018768
0.019265
0.018644
0.018664
0.018645
0.018691
0.019073
0.018623
0.019203
0.018767
0.018613
0.018607
0.018872
0.018823
0.018670
0.018787
0.018864
0.018868
0.018683
0.018639
0.019264
0.019426
0.019118
0.018655
0.018680
0.018758
0.019061
0.018892
0.018903
0.019230
0.019392
0.018812
0.018685
0.018756
0.018689
0.018673
0.019406
0.018912
0.019210
0.018684
0.018683
