0.006190
0.007548
0.009768
0.009836
0.007907
0.010115
0.004268
0.010440
0.009417
0.007511
0.009405
0.008443
0.008987
0.009107
0.008032
0.009027
0.006919
0.007621
0.009242
0.007851
0.009122
0.009603
0.008778
0.007666
0.010580
0.007875
0.009336
0.007957
0.008569
0.006942
0.007610
0.009376
0.007849
0.007658
0.009598
0.008896
0.010038
0.007053
0.007733
0.010370
0.010019
0.006712
0.008318
0.010326
0.009915
0.008921
0.007863
0.006025
0.007020
0.008099
0.008325
0.009287
0.010913
0.010757
0.006943
0.010505
0.010087
0.007430
0.004654
0.009419
0.009298
0.010198
0.007522
0.009279
0.009133
0.007526
0.009996
0.007919
0.008957
0.009620
0.008956
0.009363
0.010646
0.007695
0.007039
0.010338
0.007554
0.008050
0.007454
0.007040
0.009836
0.007798
0.010276
0.009092
0.008801
0.008799
0.008478
0.009505
0.007300
0.010423
0.007694
0.010017
0.007559
0.010194
0.008328
0.007494
0.009194
0.008006
0.007670
0.008866
