0.009556
0.004835
0.007847
0.011246
0.009316
0.005236
0.009549
0.005487
0.007920
0.007752
0.009532
0.005389
0.007586
0.006805
0.004939
0.009511
0.004737
0.009657
0.005397
0.009455
0.010423
0.009376
0.009379
0.009347
0.004452
0.006395
0.005572
0.007723
0.006798
0.006097
0.005513
0.009402
0.006740
0.006212
0.008624
0.008686
0.009559
0.008119
0.007027
0.005073
0.009824
0.007162
0.005089
0.009958
0.010445
0.004578
0.009865
0.004544
0.007948
0.009438
0.004824
0.009518
0.009740
0.008262
0.006312
0.009145
0.007702
0.009427
0.009285
0.005394
0.008543
0.014781
0.009375
0.007686
0.009775
0.005637
0.009621
0.008059
0.006158
0.005628
0.008011
0.007274
0.004494
0.009895
0.005657
0.005217
0.008363
0.006406
0.009590
0.005825
0.004743
0.006329
0.006275
0.006088
0.010193
0.006318
0.006672
0.005979
0.009380
0.010549
0.008255
0.008080
0.008905
0.004903
0.007646
0.010249
0.009369
0.007662
0.010430
0.009396
